   1   7     22.971710
   1  14      4.400370
   1  15     18.795480
   1  16      0.033000
   2   9      0.393196
   2  10      0.684796
   2  11      0.063171
   2  12      3.733044
   2  24      0.076000
   2  27      0.917436
   2  28      0.229992
   3   9      0.035388
   3  10      0.061632
   3  11      0.012634
   3  12      0.746609
   3  24      0.003800
   3  27      0.190644
   3  28      0.019827
   4  24      0.228000
   5   8    177.937500
   5   9      2.752371
   5  10      4.793575
   5  11      0.347439
   5  12     20.531740
   5  24      0.114000
   5  25      0.009500
   6  24      0.190000
   6  27      1.312617
   6  28      0.067411
   7   7      2.552413
   7  27      0.104730
   7  28      0.186373
   7  34      0.163795
   7  35      0.009715
   7  36      0.224365
   8  26      9.823225
   8  27      4.573213
   8  28      0.007931
   8  29      0.001814
   8  30      0.056597
   8  34      0.015166
   8  35      0.002211
   8  37      0.000013
   8  39      0.000140
   8  40      0.000060
   8  41      0.000059
   8  42      0.000077
   9  22      0.004782
   9  27      0.209460
   9  28      0.166546
   9  29      0.001823
   9  30      0.006289
   9  34      0.045499
   9  36      0.008313
   9  39      0.000004
   9  40      0.000013
   9  41      0.000030
   9  42      0.000030
  10  22      0.007173
  10  26      0.024255
  10  27      0.279280
  10  28      0.317230
  10  29      0.001823
  10  30      0.006289
  10  34      0.078864
  10  35      0.000010
  10  36      0.014007
  10  39      0.000006
  10  40      0.000023
  10  41      0.000051
  10  42      0.000051
  11  26      0.024918
  11  27      0.034910
  11  28      0.003965
  11  29      0.021772
  11  35      0.000003
  12  26      0.436588
  12  27      0.104730
  12  28      0.003965
  12  29      0.003629
  12  35      0.000100
  13  28      0.019827
  13  29      0.015603
  13  34      0.015166
  13  35      0.000140
  14  22      0.023910
  14  26      0.582117
  14  27      3.491003
  14  28      0.317230
  14  29      0.054612
  14  30      0.006289
  14  34      0.054598
  14  35      0.000840
  14  37      0.000461
  14  38      0.000014
  14  39      0.000014
  14  40      0.000012
  14  41      0.000024
  14  42      0.000003
  15  22      0.062167
  15  26      0.921711
  15  27      5.550694
  15  28      0.491707
  15  29      0.021845
  15  30      0.006289
  15  34      0.090997
  15  35      0.001424
  15  37      0.000030
  15  38      0.000009
  15  39      0.000023
  15  40      0.000024
  15  42      0.000001
  16  22      0.001196
  16  26      0.009702
  16  28      0.003965
  16  29      0.001560
  16  34      0.003033
  17  22      0.001196
  17  28      0.003965
  17  39      0.000003
  18  22      0.000478
  18  27      0.006982
  18  28      0.000793
  18  29      0.003121
  18  37      0.000030
  20  24      0.001520
  20  26      0.024255
  20  27      0.069820
  20  28      0.027758
  20  29      0.007802
  20  40      0.000012
  22  22      0.005978
  22  27      0.174550
  22  28      0.007931
  22  34      0.015166
  22  39      0.000001
  22  40      0.000001
  22  41      0.000001
  22  42      0.000001
  24  24      0.008360
  24  28      0.043619
  24  29      0.001560
  24  34      0.030332
  24  35      0.000140
  24  41      0.000001
  25  34      0.003033
  26  22      0.050212
  26  27      3.491003
  26  28      0.721699
  26  34      0.094030
  26  36      0.002231
  26  37      0.000025
  26  39      0.000020
  26  40      0.000059
  26  41      0.000032
  26  42      0.000037
  27  27      1.640771
  27  28      0.154650
  27  34      0.831108
  27  35      0.042572
  27  36      0.000623
  27  37      0.000006
  27  38      0.000094
  27  39      0.000016
  27  41      0.000014
  27  42      0.000015
  28  27      0.349100
  28  28      0.007931
  28  34      0.303324
  28  35      0.061057
  28  36      0.009856
  28  37      0.000006
  29  22      0.004782
  29  27      0.069820
  29  28      0.015862
  29  34      0.009100
  29  39      0.000001
  29  40      0.000002
  29  41      0.000002
  29  42      0.000001
  30  22      0.005978
  30  27      0.034910
  30  28      0.015862
  30  34      0.009100
  30  39      0.000001
  30  41      0.000002
  30  42      0.000002
  34  34      0.057632
  34  35      0.001260
  35  34      0.006066
  35  35      0.001342
  36  27      0.013964
  36  34      0.024266
  36  35      0.009383
